0.014274607548850267
-0.026041126775489924
-0.015267310558105178
-0.003191133551646144
0.017463279972340134
0.026575379442881204
-0.00638044948281377
-0.012688437288063363
0.004045064649937319
0.0119889101692146
3.545749007766504E-4
-0.016076824203006164
-0.0054057660573584776
0.03734396780975191
-0.0025967398617164203
-0.02991149998271268
-0.009887730388982649
0.0015843010144123459
0.01369084592617523
0.02807500558270406
-0.034063192310232054
-0.0011584277424304345
-0.009467658196514052
-0.03515527296380661
0.026986856607445736
-0.0026757188851184712
-4.922454417705848E-4
-0.017956957440404455
-0.029968317535202692
0.015137661972177445
0.014353183707786012
-0.006791431518892424
-0.0026935678873108732
-0.009786249900213474
0.048451419724451286
0.05237487530724972
-0.06903981973410446
-0.034506896459634576
0.04248746868761236
0.011470716248436055
-0.018254072370667822
-0.015611704868477334
0.0034691850866545937
0.018674582577122702
-0.07500888906910365
-0.054026365622679165
0.04206227285854872
-0.03732163213527026
0.020063645543541342
0.026954917347131586
0.012736605523400482
-0.012554880712430919
-0.005731541623036643
-0.06509543199042185
-0.003685515872617028
0.046102795584649914
0.004397173467178235
0.005814678903356361
0.05306796590717962
0.034688648491065205
0.03938529714880321
-0.07126160172067908
-0.05465456687433586
-0.04547685608562235
-0.03802214077271767
0.00530026758249242
-0.009504336649837868
0.03130389484976882
3.461750824492528E-4
-0.012531392544762286
0.012717698541667287
0.014799425810415302
0.04370683797503235
0.05463775831815677
0.02852823976505429
0.017032171563931966
0.0454981290668365
0.012551556716830082
7.880355382187888E-4
0.005356242753798365
-0.003352411052307857
0.015391779045281434
0.012542425765244057
-0.022464957483710243
6.348457628486903E-4
-0.037046641374885815
-0.03501339751525245
0.004772136116960695
-0.005024404385964281
0.04062537439325277
-0.038658982450649935
-3.276256092686191E-4
0.014762159087285074
0.01700002328352744
-0.04232195025144795
-0.018494116789121516
0.006410975380158071
0.043135018447785535
-0.009696256109406536
-0.027586533318956948
-1.3551540006149253E-5
-0.032084559978850825
0.014043787921732042
-0.012535428854310072
0.009679498408103879
0.010445590317433471
0.056813118519466195
-0.034014029630955615
0.0190949936201823
-0.05341731469424608
-0.00949069176545861
0.03706148118128755
3.776245715910911E-4
-0.011856812142777519
-0.06770601078432763
-0.01134896527756884
0.01657629919600078
-0.04881839706231917
0.00759102172225619
-0.032351267059307444
0.0082844924813324
-0.035402300238946485
-0.008948904170115766
-0.05320538391253564
-5.512244081683653E-4
0.04381224040021831
-0.006177191402976652
0.03405691912859308
-0.0037367939515313793
-0.018037044992517383
-0.08101022984656318
-0.03600172455843441
-7.491080695073326E-5
-0.07425122646077821
0.059022172241791994
0.024484304570035195
0.04314862512930809
0.007793338732823448
0.06509912598084643
-0.019302653708489367
0.01019722858495236
-0.045937229800416084
0.018484045430667374
0.01799210631621073
-0.03446188711883278
0.003363966782387563
-0.0603606261604893
-0.007843083695477288
0.06231424858653951
0.05397903599992152
0.011655757821752958
-0.005292202415521883
0.02285147814689319
0.031205751277067807
0.03425319111490567
-6.495923800203751E-5
0.006896236631883192
0.029163650205598014
0.009924063450090842
-0.005168094742773246
-0.028110845042410276
-0.01952910975322071
-0.006668333306866824
-0.0061774365819797835
0.06430254745104899
-0.024169043503439385
0.006837899044553493
-0.05621764737898692
0.0012667229439446588
0.05022994965487101
0.02187002794864987
-0.07407164222823918
-0.01082571179200713
-0.011758028654319684
-0.004718024068669662
-0.0042352050237514805
0.03516268482649829
0.04612070123991734
-0.05839217758316756
-0.019489069399342467
-0.05705992464882283
-0.0345381527315724
0.017948113386005788
0.04993632759361207
-0.006556848659380841
0.0033192911136300587
2.5835882561018735E-4
0.02528460032898272
-0.024480725505233364
0.016019605562033197
-0.05266623393499833
-0.010516763702020683
0.005474639156294471
-0.04218637476545761
-0.013781378079214226
-0.06274948069749797
-0.003171203682380044
0.024234294278238602
-0.06195434919426096
0.02192689598937311
1.1466287350568969E-4
3.8765048470609174E-4
-3.1341959509072626E-4
1.9028871159804E-5
6.453700489278879E-4
2.4162315834789027E-4
-3.3323522442218426E-5
-6.583659377042526E-4
2.382990672986658E-4
-5.621761207812855E-4
5.550360885511957E-4
-8.84201454779179E-4
3.5004700448446947E-4
6.020007059567826E-4
6.677594433663166E-4
-1.2260659598033112E-4
4.244806280768262E-4
5.464567474093337E-4
-1.2765993624851534E-4
-4.6773935654066445E-4
-1.8776118879519377E-4
-3.5642496085089135E-4
-3.7876929065357336E-4
-5.288604097635883E-4
-3.6141780114606377E-4
2.230774389167738E-4
2.6357485499118075E-4
1.0415489988396154E-4
5.511194915356434E-4
3.1529726269984937E-4
-4.174654728939369E-4
-4.0665875192094706E-4
9.287110593845432E-5
-1.109430976701925E-4
-1.5897846491962758E-4
-4.6262623514035293E-4
-6.620115907866624E-6
4.312854495755784E-4
-8.268043474884294E-5
1.366855696195527E-4
-2.179107517936715E-4
-1.0056909933914621E-4
1.4402763553363418E-4
7.278693803068296E-4
-5.181655374553489E-5
2.5240793656129E-4
-4.255761802876997E-4
-7.886236053504226E-4
1.1363026262671282E-4
7.571004759938435E-5
-9.062649500427209E-4
-2.5254851015275224E-4
3.7046514761680425E-4
-2.488096160942679E-4
-9.146227166708284E-5
-4.055220472814566E-4
-4.388806137394069E-5
-2.0195261918630223E-4
3.655259460460156E-4
2.0500737070559456E-4
6.146633894532202E-5
5.5406917778826E-4
-5.3467999826139254E-5
3.4628740648943475E-4
-4.1334509749553554E-4
-3.3840776871979744E-4
-4.76817503541536E-5
-6.080517629784096E-4
2.495057705918427E-4
8.428073933252036E-5
-7.847384455297183E-4
-1.351343185521627E-4
1.1741560789641281E-4
-7.485813959836322E-4
2.3624477880688892E-4
-1.3315192402347967E-4
-4.931192287859746E-4
1.987736051847515E-4
-4.6049827092503663E-4
-3.737130354648635E-4
8.68767878440475E-4
-6.324983459537534E-5
2.574157050352019E-4
-9.367610501920624E-5
-2.7720344655886993E-5
-0.001275231260675359
4.589398562451775E-4
1.3051309532801706E-4
-1.900628575496617E-4
3.8142726523056374E-4
-5.438909307131628E-4
-0.0010254190110296026
5.342082066715866E-4
-3.747730360906184E-4
4.865962427906457E-4
1.9367283117314413E-4
-3.432665053714687E-5
5.955932645956335E-4
-1.1181472368504713E-4
-4.6286371293718595E-4
