-0.04496284448473718
-0.04944294437501756
-0.05261462276278428
-0.036243697602288766
-0.04779186867244246
-0.060838990873229026
-0.04807572902073168
-0.052477214485779085
-0.05171041576528108
-0.049395952352799935
0.049574668713259225
0.05216277823196576
-0.058904483344653286
-0.04016776642629545
-0.04715959146282154
-0.07323823735113975
-0.04182776014714435
-0.04483361629883296
0.05665140617810096
0.044862993690183
0.04399284982155474
0.048808515887454884
0.04779438299729127
0.049457089835116194
-0.051149393980578904
-0.059809269479117244
-0.0518184240906785
-0.055142575307773486
-0.047634195566455206
-0.05171920011938413
-0.07232022854091791
-0.044980639936366536
-0.039389492712665494
-0.0528636507018855
-0.05068181339199823
-0.054228166305274376
0.05429642911683745
0.04140433522673014
0.07582131995921017
0.06272503758986726
-0.037064587303441934
-0.06836153609334082
-0.05205067360047923
-0.05353515020115539
0.04466570764842141
0.056753783167131255
0.046360058523036124
0.05725664539700156
0.06620835098176836
0.04654175630624119
0.038044618396199714
0.06713139008140862
0.047996593985888854
0.051432825243808176
-0.058043261961896034
-0.06247693387443228
0.045090176260436265
0.054617929224164696
-0.03270914507389259
-0.06440740708454115
-0.04939706420346644
-0.04683758206799635
0.030319876972850084
0.059172644914040576
-0.040876314253836164
-0.06332728833166548
-0.045788650558490775
-0.051661190931065616
0.030604375859915572
0.06725218737458835
0.04148217328005461
0.0802608541306909
0.06337832434888062
0.05697592485840891
0.05061675520314143
0.04581210936765786
0.030098317701998736
0.061157506814359774
0.0438490562215753
0.047777247206084845
0.05219387419105028
0.05082392111405339
0.04679555578814532
0.056166088675097155
-0.04641057070902884
-0.05506457969108046
0.04673776963510355
0.05814744074948336
0.06338548961942951
0.03958896414269465
-0.06252445282871406
-0.031891692774349764
-0.05221344313894196
-0.04104174570452979
-0.048774425218313995
-0.048531343909797534
0.07330092228465966
0.06416182017643347
-0.04080833056384377
-0.06462236880164028
-0.041049633341847386
-0.053493729519453206
-0.043380755653119545
-0.04641863963048444
-0.06465207708391263
-0.05428721269792152
0.04621981465327671
0.067208980296542
-0.0602444836606951
-0.06759294010231374
-0.05245723847267657
-0.039047158452093375
-0.040550883404321045
-0.05282144034276465
0.06041851523963611
0.0442132858766495
-0.05120541701947935
-0.04337307667454889
0.058596556874051416
0.05550540692214155
-0.04919203809759367
-0.04906803255194365
-0.03897050326401805
-0.05451850123133788
-0.05948041305462752
-0.0404303996289668
-0.04918092335797705
-0.059067750093312214
0.047644927540415806
0.04661391202280102
-0.056348499514230044
-0.050746889347572946
-0.05576601354672101
-0.05012324244108282
-0.039817115913624676
-0.05525760922144509
0.047046590893684
0.04527902253888336
0.05751496741044532
0.07664488461634907
-0.060299692974722256
-0.051191394531599356
0.03727226779575173
0.0534141069514025
0.04989929943639078
0.04687733437637124
0.05602804703770557
0.04559215219146036
-0.05816281662738123
-0.03827344141522419
-0.05071977533202425
-0.050968426660561304
0.048473632442040365
0.07343648897671434
-0.04328104626002773
-0.053882819035042794
-0.06024035903511796
-0.0452259355892414
0.05624076687779879
0.046752016854901594
0.04680359507104348
0.0419340868778018
-0.045724216311401694
-0.04547980998192117
-0.05752888631533473
-0.04653865046354714
-0.05265243060996406
-0.04179826639773543
-0.06166265089992353
-0.053950257801110235
-0.054901144187192906
-0.0545810499524809
0.05982303301244515
0.03695778751890661
0.069456174571691
0.041916269858903836
-0.036266268990134506
-0.0643857252028989
-0.04902705829798141
-0.07060927326192004
-0.045336509949752815
-0.05560818152801882
0.0404231979779472
0.0566867375433132
0.05116646268521417
0.05721703409678013
0.043268706653826185
0.05089426248467201
0.06064890407657118
0.06309203624688349
-0.0535001449971266
-0.06395448036067516
-0.04255470979461502
-0.05573592607415161
0.04143784062181334
0.05588380466311909
0.05048353229120451
0.043630939452190216
-0.06648813435080923
-0.050245831154427024
-0.050697432396628175
-0.048836531592459466
-0.04699178531185261
-0.050128144710512385
-0.04809313713985995
0.05235101639221618
-0.05017093900440483
-0.0497839161423329
-0.050935366757024855
0.05022815401531487
0.046277692932907774
0.047441426571866493
-0.05242891065475079
-0.048877435717091966
-0.049941726801381855
-0.05222914287059853
-0.051438529130468015
-0.052294003439624474
0.050109958245616114
0.052398010475720694
-0.049952674607197226
-0.052475534401163315
0.05225956109051354
0.04995311227387737
0.049868892436813334
0.052275929312806724
0.052185100491585444
-0.04967423813401377
0.049821515032474006
-0.04921611521222559
-0.05006236700145515
0.046728745958225903
-0.05232093912279835
-0.04726373852980677
0.04998051456093733
0.05004098723179382
0.05227944167229507
0.05040006315910454
0.0464745648496209
0.048389108997470585
0.05220943687989767
0.04669037914767575
-0.0482526529179872
0.049298234858675
0.05206029226395809
-0.04948422774285648
-0.05243549535249312
-0.05244265999328257
0.052361275095074294
-0.052228593214063174
-0.04872567728459679
-0.05242568352706126
-0.052250523798197765
0.052352875442221836
-0.05001708725110718
-0.049664667997090156
-0.04925606169198967
0.050044779485488765
-0.05202542803015985
0.04842048632941393
-0.05243659743575777
-0.05226255916963732
-0.04766696985554376
-0.050046980565833184
0.0502390266118534
-0.04925412985173
-0.052347038602324876
-0.050365382668917415
0.04794204475728121
0.05240607518183891
-0.050068587744222286
0.05160755755654097
0.04998392108003291
0.05016532429997679
-0.05242836582241562
-0.052175311227645925
0.049860934845602826
-0.05012349319954179
-0.052196116297559436
0.04975919866977316
0.05132230542366772
-0.05194406783722566
-0.049741966144903824
-0.05214095079750385
-0.049521775698827424
-0.051949052892281286
0.05235973426467785
0.052341556243753834
-0.049368208873666324
-0.05070324302618381
-0.05226239869509129
0.05232188286582335
0.052378824529731374
0.04582967056645919
0.05034299272168262
-0.0522096995465221
-0.052300002473665834
0.04938435029940549
0.04970763433636038
-0.04957894549119627
