-0.14263847633410873
0.11683909135406138
-0.13047730736917956
0.13551675461748103
0.13010017376786762
-0.1553626264655596
-0.1624419270109633
-0.14404650948122957
0.13652380127757496
0.13423110974965066
0.1454807875699279
-0.14166336205707653
-0.15303263379208137
0.14916682502749393
-0.14176239253696368
-0.16503337992246836
0.1541230516268611
-0.13183139941849956
-0.12820519259924315
-0.14461913168768906
0.14458299846425193
0.15109632315524407
-0.13850397360610459
0.1378779279551103
0.12921238845156494
-0.1514194028086231
0.1411634606379454
0.13156919979614332
-0.19585472768711654
-0.12465637878973676
-0.16680037707850684
0.14598692745206943
0.15116478643249814
-0.13756002458773373
-0.14437504435617005
-0.23751442978071208
-0.22774000161632008
-0.14760636693256524
0.17002145111680383
-0.13215794902143413
0.14506588440963078
-0.16168234223066463
0.23441783161157295
-0.14031012296857623
-0.13696691497383348
0.14011488335882696
-0.13609921257309168
0.15241654099738988
0.16570034327886407
-0.14278500613664813
-0.13675924304741766
0.1613713038882633
-0.14148132342341557
-0.13909637737719943
-0.15034981142397127
-0.16037658104680186
0.14581261694164158
0.13133050720069075
-0.13911342198497284
-0.15712991061317833
-0.14609543611587028
0.1449408863228928
-0.151168547625973
0.15720488548337766
0.15101935727109286
-0.15720584541974114
0.12043959078351048
-0.12462241251521163
0.1298214579642176
0.15998779117431583
0.13137640606065135
0.17566285669296183
-0.10183116503691025
0.1473857339124965
-0.13159004900935461
0.11063082315554827
-0.1505230076087955
0.15766783433177486
0.13206014590005521
0.1456032099360586
0.20858332887900152
0.14650684527926033
0.1504738343956982
-0.21054329967546048
-0.14790549461662666
-0.1533528572044364
-0.1148640500437732
-0.12333751363712521
0.13810270428307247
-0.14989639184952805
-0.16882502811411407
0.15841810371218812
-0.14581526992070842
0.14970045334499354
0.14161771756067779
-0.13412321681244208
0.16760193503165646
0.14671923317932356
0.1499925872619131
-0.15379316452629604
0.07651755038631353
-0.06051244159427825
0.05744723047611887
-0.05496417697955108
-0.08444690435523652
0.06526475618234247
0.08471800933660745
0.08971907696979967
-0.09201329897215955
-0.09021366619600485
-0.08320288784359094
0.0832705386698975
0.07344155506867847
-0.08043655466682778
0.08694491959138462
0.0661514271387091
-0.08467791351701509
0.07178562032081098
0.08686258095769896
0.08329538669777217
-0.07395139297774289
-0.07558542384507545
0.08330370442021832
-0.06915744998369798
-0.08206067841660626
0.07780144643046165
-0.08198676371512927
-0.08714421427105451
0.11457316203060379
0.05188909727728395
0.061554649674641436
-0.07662910720846322
-0.08430193983888401
0.06535148964832953
0.07824735023769534
0.13517145605321726
0.1511544040572175
0.07265653416431787
-0.06349284161600854
0.10531225224557177
-0.08498754189706526
0.0676051970027082
-0.15430382525716294
0.07090052925009353
0.0690165004116188
-0.06487247412896258
0.07861916004493978
-0.0759696882812897
-0.08650516574440717
0.08450815801471628
0.052760197451833336
-0.07817713237836053
0.07794787388335321
0.0996772764383905
0.0692357092841589
0.0691815159707695
-0.08996586694347591
-0.052190748096251016
0.09081802831763003
0.06964090633214369
0.07086308447084667
-0.08218415667679081
0.07201205062277258
-0.06997457823650866
-0.08957843145032302
0.07503502069500163
-0.06481600798759252
0.05741393421976919
-0.0928190984251596
-0.07987343840385477
-0.07410492958003365
-0.0801672290718736
0.062257754843841794
-0.08436010457956933
0.09476740275664967
-0.05305627532933104
0.0796043042627325
-0.0907271633787514
-0.06687281677784465
-0.09747015512975216
-0.11644697043076473
-0.0821078791900184
-0.08224193338582449
0.1404615841763603
0.07639181133116488
0.08296228438336169
0.05263715294185615
0.07304991631710413
-0.036415522811248734
0.08770392850145678
0.07144006741729851
-0.0899863073269353
0.07847714467310445
-0.07913017874428509
-0.07759737032466128
0.0761424650032527
-0.06743405372114422
-0.06896393357586114
-0.09764190974436694
0.06908405894366444
0.33961510290957425
-0.21652360675212529
