-0.3098897600441868
0.30950688644887203
-0.31960018904309184
0.32033846536054933
0.2986570806518948
-0.32628607733797377
-0.3109843085983412
-0.3144436736323525
0.3009454701668362
0.30107816954458244
0.31254693762901314
-0.307897426017142
-0.32078770251230665
0.3163275901657889
-0.310221938198437
-0.3337359003091019
0.3120771491674529
-0.3073955884894866
-0.29865441183994124
-0.31020558368296186
0.3143605335140685
0.3166435179574814
-0.30402631890975096
0.31145214207281063
0.3021404324852761
-0.31983502366123207
0.30172543605198787
0.30091888947686646
-0.31150673944245993
-0.31284110267373694
-0.32896975903345205
0.31538352439778145
0.3158683080835577
-0.3121340300776665
-0.3137744947838735
-0.315369124255274
-0.2997661802098544
-0.3162286496810116
0.338527268587343
-0.29637473035769374
0.31286276460736845
-0.3290000767948007
0.30174893953150383
-0.30843399635414565
-0.3073647900799913
0.3111488816082434
-0.30295012667192706
0.3205970489892918
0.33202228839519216
-0.30860682244342086
-0.31617427465350323
0.325345977020852
-0.3054331194368026
-0.30659855983951817
-0.3188761316313182
-0.3264781441709373
0.31118219778390643
0.317929504962621
-0.2958947548100703
-0.32304672535673
-0.3118155576690612
0.31071737901751395
-0.3167599033936211
0.3258627431838963
0.3167545388330452
-0.3245848338090793
0.3033879924822361
-0.3131704684152486
0.2961475686910574
0.32988667556481427
0.30770289227400655
0.3428448170191641
-0.29255331578923377
0.3150278856600572
-0.30145397773347005
0.30442699628528347
-0.3182802875180674
0.3272628354493604
0.30618906942511737
0.31295849604287035
0.3121634243879384
0.3117111564936334
0.3117595742476445
-0.29750621341490074
-0.3085984177987324
-0.32017622672432156
-0.30562072065923923
-0.29885349293760977
0.32790076087148273
-0.31749005901549643
-0.3238924370848605
0.3250354499949187
-0.31121314821162466
0.3167844106381583
0.3082271950757569
-0.309188740506229
0.3362066580982809
0.3210382534502549
0.316438792931112
-0.32242295373479546
0.23977559730862757
-0.24664879830882405
0.24119362086838414
-0.23582795440133708
-0.2504605466311072
0.2325432293213649
0.23437254032826021
0.25485966433048635
-0.253507382401324
-0.2534763790072558
-0.24621820757851798
0.24617966163796534
0.23739989593944816
-0.2434943289153128
0.2510169580129642
0.23211497891141086
-0.24148154002814018
0.24382350541958842
0.25410990537233186
0.24558356335933781
-0.24075077332620598
-0.23835223669886968
0.24570657066903862
-0.2393548794059219
-0.2513647966326061
0.24176363422691888
-0.24270559494934799
-0.24995214612397093
0.23919974723845122
0.23525482491885188
0.21833970867638564
-0.24343461226418509
-0.24624670006574045
0.23479820697392714
0.24292784483253
0.23075760374721013
0.2423513038489139
0.23853284528689797
-0.22737337410339528
0.26444719310904485
-0.2487187303662024
0.2313375495325468
-0.24288255537201875
0.23706048192729515
0.23810266754888576
-0.23161883783516773
0.24362961337347955
-0.23996484337973445
-0.24917667226988865
0.24726604075047684
0.23103662718927087
-0.23713465140670903
0.23840113000912588
0.26310864885795865
0.23406815002412582
0.23193679775600612
-0.2520093479950097
-0.23409273316594142
0.24625493639408083
0.23235590250665186
0.23580234601388636
-0.2446630158754607
0.2344880263778199
-0.23443194996891648
-0.25187267157531734
0.23879971631841546
-0.24122962406530124
0.24093557638984103
-0.2554011903183481
-0.2448447858403151
-0.2469975585140613
-0.24307648450136735
0.24958772526315393
-0.24779888143730497
0.2575685077235794
-0.24141513693044947
0.243328787830423
-0.25539057206996907
-0.2365026948791093
-0.2610050726960052
-0.23298780657691026
-0.24429758121486947
-0.23998567413560257
0.2451501744513423
0.23656570224234347
0.24593113402860048
0.2396829902500919
0.24666147697366317
-0.22320526701824492
0.25133386446943096
0.22632989045317947
-0.25287193825385273
0.2379509208055634
-0.24252837116180062
-0.2402356397827806
0.24761475653705242
-0.2315047926373581
-0.23705206376681764
-0.2606330578744997
0.23118935714052005
0.3066944888593217
-0.2350313591469226
