-0.18847176048551564
0.19372342631696626
-0.19851056367502387
0.20142352836032246
0.181678681816581
-0.20527049641589765
-0.21128153863368843
-0.19008232768003416
0.18170728206834297
0.1821419644724791
0.19034013152577617
-0.18956736794429055
-0.201776321379182
0.19397284974836745
-0.18838231828754226
-0.2144584060596617
0.19434871556865008
-0.18693736352503265
-0.17961825736532164
-0.19059188257942897
0.19676930092024206
0.2001586566600873
-0.1856557788219577
0.19213438487750054
0.18223048995587093
-0.19629415159459793
0.19378018970069874
0.1812018294941363
-0.19386988030767757
-0.1931025528704581
-0.20851996719832339
0.19877507944636422
0.19872115807352467
-0.1968946597358802
-0.19121174486341605
-0.20638128732908875
-0.19559464040190555
-0.19751816484774187
0.21435287805836206
-0.1735582448947271
0.19160652422357813
-0.21019666272856652
0.20838333519703112
-0.19214419970152752
-0.1934994134451725
0.19738791407838113
-0.1884763307057909
0.1996437034571411
0.21044613003922058
-0.19043691023544418
-0.20595189916236462
0.20272245056930974
-0.19100619212466458
-0.1849249850700195
-0.19896926788025573
-0.20680951256364968
0.19119730262069276
0.1979397477091141
-0.18679898179336352
-0.2044173804532158
-0.19870993710241672
0.19147614582973724
-0.1983252177815412
0.2044196055354224
0.19626272119239757
-0.20416719212743445
0.18702601329590537
-0.1926161350069609
0.17466701944516738
0.20649664657444194
0.18885210830105478
0.21858470688397058
-0.18292476184598375
0.19325409099658955
-0.18030179953921371
0.1871794853068052
-0.1969508111820697
0.2035455001537293
0.19278480928714173
0.19327319569980184
0.20216653974884521
0.19326718868394577
0.19427084085198645
-0.1878922783732344
-0.1982390316353829
-0.19861350347308615
-0.1991275607640134
-0.1864221743930069
0.21630278713486437
-0.1971170364746658
-0.20716204473398533
0.20429490672464615
-0.19230890036073975
0.19698562170612827
0.1857715121835891
-0.18800133924939666
0.21308080102668978
0.20418156159680678
0.19776177977775378
-0.2024689504896196
0.12870883464717625
-0.13912056293632044
0.13028690222104017
-0.12629854312121014
-0.1422176989646088
0.12165849159725144
0.13741187007192893
0.14189449705850224
-0.14381899480189958
-0.1439704660967907
-0.134632698164309
0.13705036902097675
0.1277928683233911
-0.13182126094552216
0.13966169840165385
0.12228896870391075
-0.13271376436025165
0.13339022544233145
0.14454874534106602
0.1356422991356056
-0.13210720561111658
-0.13038051669030876
0.13656273734368007
-0.1296073032073918
-0.1412884190168446
0.1293046732622191
-0.14035432752509708
-0.13998073633584956
0.13052693593456818
0.12524636409601153
0.10775382304792547
-0.13536806152451158
-0.13784627083629572
0.1276601896736511
0.13108810325100487
0.12766264593322363
0.1424711883606254
0.1291315658665139
-0.11447581017424951
0.15248788812962638
-0.13771181700057322
0.12183307211509348
-0.15039167572558718
0.12926496407266413
0.13187524617758972
-0.12542554485859828
0.13702606042222268
-0.1291429015143779
-0.13788057654544825
0.13821562404773544
0.12711370515433046
-0.12525980967804756
0.13181818902631173
0.15182120595775486
0.1239023335757705
0.1218876840519931
-0.1418285301874057
-0.12390121361912683
0.14318075562556426
0.12299232916799209
0.13000972922057352
-0.13495640776454915
0.12529409084923013
-0.12328411539641955
-0.14131276960382044
0.12827421271118553
-0.13337974625605742
0.13040132486029124
-0.1443322649468019
-0.13245129671904937
-0.13753828953974925
-0.13013281351393163
0.14614472042269036
-0.13649419602813803
0.14664260206302943
-0.1330359191426091
0.13225654447622998
-0.1427905825277068
-0.130587718994051
-0.15096552333770466
-0.12924946206363944
-0.13509300268408067
-0.13139573887898046
0.14173296487561376
0.13255785271281004
0.13467591221823136
0.13830218483400047
0.14139743067463814
-0.11835402931071153
0.14086079057214757
0.1181932557702284
-0.14214829750807068
0.12846300067118155
-0.13240927029894511
-0.1285393776609275
0.13665599710612802
-0.11928465114446456
-0.12883288678528312
-0.15121794422581414
0.12098085370425307
0.17201750166509605
-0.1157517090624944
