-0.009197941524534643
-0.02103793855652939
-0.002872619571343842
0.02717247583318561
-0.005675703327276861
-0.022624813619424516
-0.016995438017103345
-0.0264623574749269
-0.02208870993429688
-0.0238501248634895
0.020924309107482386
0.02833838724578588
-0.028263285476519174
-0.014063090103261903
-0.01573769790685905
-0.04394968532700281
0.023052129161284844
0.03070259754959575
0.031633652529641156
0.023758506665551654
0.014584528940088047
0.024162444455900295
0.01651683766805231
0.022652900548988088
-0.02736757704714757
-0.039714597231649856
-0.030631755087309812
-0.037273038474688304
-0.0022281275848266635
-0.013227328255970628
-0.03190663449038321
-0.007558246763224933
0.019436135010291875
0.017275597692732785
-0.01861278415507568
-0.026573992150489018
0.008943503982228413
-0.018773430439531703
0.05366806495596131
0.04139085837994913
0.00842911200399741
-0.029806716002000615
-0.024280501907397126
-0.029729366990403846
0.011790591402334152
0.007432006312260559
0.01170097956186108
0.02681612897528455
0.026160874371365
0.0092190875953599
0.014627381720244638
0.04760997444923751
0.021051094029768014
0.0076490881244291285
-0.022736140710953118
-0.029724292855299126
-0.007711438382791656
0.009784189015296678
-0.011712725473038173
-0.04828446587261525
-0.01136710298689734
-0.014619191526404993
0.007063696997765922
0.04123456991674193
-0.004418479091110615
-0.03191434957149644
-0.00541652722707015
-0.017438549434138945
0.008633743341741043
0.02904847324255775
0.01798422598756529
0.058762454352999226
0.041563548299399636
0.03718265546225631
0.0416091541127522
0.017615355241789338
-0.009509923054502059
0.028909641938114822
0.015332881964883084
0.024975043836293304
0.03285599787834315
0.013369452154050946
0.031082860384104304
0.04382179037135527
-0.018203326211387035
-0.031141336405369195
0.0323986876219118
0.023850685950644906
0.02485308311023558
0.006022042625326653
-0.040141848960142876
0.008266083781493455
0.012557426179814611
0.03386255696962105
-0.015857654812198318
-0.02126656062442136
0.04891607037965131
0.040301587789024394
0.008936102689014217
-0.022994236763870746
-0.020398762662722825
-0.03748719604024332
0.010086773800234913
0.018790880131357653
-0.0376337475619877
-0.02998687197008301
0.016515233783330942
0.04127034748516428
-0.042731489206394704
-0.05148488333826254
-0.028005192985684123
-0.019696404650853854
-0.0025944532989019787
-4.157619407006127E-4
0.030649790964762554
0.018079597629491878
0.0098610204017728
0.029128834819239568
0.040396451648853526
0.0395487175565729
-0.016586224508848692
-0.02183366375002205
0.011037072622201442
-0.0140835840360912
-0.04043238274835284
-0.0251456372590262
-0.031204930203211776
-0.04418098420941399
-0.07116964014333582
-0.061649473491832904
-0.036964152706427986
-0.034194392390709934
-0.031116920535706458
-0.029294875604748954
-0.004833084503497484
-0.026720754455375903
0.020572863175894483
0.023873407004186893
0.032232978408623124
0.052321304170682134
-0.03322751302871731
-0.027159529426154468
-0.012786718603773244
0.012868917049035453
-0.01275667465147492
-0.005633243694813252
-0.01279084281226606
-0.01276668460220283
-0.018800271821872886
0.016758203727133027
-0.02351794364405673
-0.028208852480422136
0.025343708897900396
0.05234692405694155
-0.014102458244378962
-0.029814051161283415
-0.029242980406215077
-0.018405606110687426
0.028282912801624434
0.022573440326287317
-0.01994857742118768
-0.03456158580637781
0.0014353458687359091
0.013678818475283874
-0.031875828897592974
-0.024043354051971763
-0.023017686501004043
0.00415749433020792
-0.025655738832552302
-0.020902281485960274
-0.02179770467609903
-0.024822055054896788
-0.005333252915215567
-0.017754857555030173
0.036589597803206024
0.012398116903663976
0.004697501861416451
-0.0290780768733758
-0.014467848786722293
-0.03965965693479465
-0.005900676740829424
-0.021994033483139736
-0.024029941907194024
-0.018945119161466677
0.011047825575088668
0.022049367210540044
0.024598752200117608
0.035778077013440567
0.044017126737121576
0.04805220718581785
-0.029319071866667556
-0.042012686874756656
0.009424591741859481
0.009450925490871592
-0.0011991397141409498
-0.0015249092968758198
0.026126593495503322
0.024112695730430525
-0.04236680940975763
-0.027824793888637917
-0.02710076104645908
0.02800045498889239
-0.018444120510839823
-0.02842543041293242
-0.026962801522462474
0.032471573044113064
-0.02948416140833412
-0.02462951817154576
0.03284741751414486
0.03230051302913542
0.02793224663610563
0.026658084972261034
-0.033830757715590985
-0.03201895046258479
-0.023152208052363746
-0.02122167471623079
0.030095703930681988
-0.02816618059377036
-0.028446295429106257
0.028982915254987987
-0.022305904430092782
-0.03173050419228594
-0.022983786510549203
0.026543830935360734
0.02121436604484312
0.03517659421344506
-0.023098287090907874
-0.020912649301636804
0.02164295500876845
-0.03436870798490209
-0.026700494808152283
0.032125770158627324
-0.028043790916256833
-0.02178249164454561
-0.02205660275067241
0.029015238802400874
0.03270056719580338
-0.024111954875897915
0.02393442089582619
0.029086470216962885
-0.02422993044819636
0.0338496555810011
-0.027732724537024602
-0.025024162242151513
0.025818786444253682
0.025380971194317512
0.03348153682482025
-0.030804865734005166
0.027394190960763537
-0.021807360144073893
-0.03432385500243454
0.02600114971291917
-0.028992541676084435
0.028352077090564802
-0.032546328317498055
-0.03430978096951264
0.02454841470240723
0.02798332648222759
0.03166008039815481
0.03203859189186201
-0.03164346626807688
-0.02599920432415247
-0.033390215423007255
-0.03515067315542428
0.031657763340053914
-0.03434814509289888
-0.03357319033657687
-0.02734426748317753
0.03080090609424143
0.027584508653539584
-0.027678918016756083
0.026747790424176455
0.01927878066690914
0.016009833141769604
0.023952953327787126
-0.034160421626621834
0.02935856741954277
-0.03068590492745701
-0.029861125406588217
0.02983718997121552
-0.03466091456341106
0.024634669651949163
-0.03112054782769251
0.022324705025615177
-0.020819400507976073
-0.02793433355957066
0.018417380738059003
0.028006388475232017
-0.025378961332086725
-0.021985810918568584
-0.027739079182891722
-0.032750516443870885
0.02560898384139314
0.03318128845133321
0.03346524580632752
-0.03276859883139035
0.0277884299225749
-0.026721546988681157
0.03400574301873257
-0.028282946609778533
